/**:
  ros__parameters:
    cam_model: Pinhole
    cam_width: 640
    cam_height: 480
    scale: 1.0
    cam_fx: 596.27815103
    cam_fy: 598.53827174
    cam_cx: 303.46471175
    cam_cy: 245.18484884
    cam_d0: 0.22256181
    cam_d1: -0.72982900
    cam_d2: 0.00887848
    cam_d3: -0.02581511
    cam_d4: 0.76122135
